0
59
3 0
9 477
15 478
18 913
23 1177
29 1821
35 2283
37 5431
40 5624
44 5641
45 6233
47 6234
48 6531
53 6532
54 7149
56 7150
61 7786
63 8320
65 9118
70 9130
75 9137
80 9162
83 10327
87 10328
89 10336
93 10337
97 10369
100 11977
101 12380
104 12381
105 13317
110 13318
113 13604
114 15053
117 15054
119 15087
120 16243
121 17507
122 17508
125 19107
130 19302
135 19334
138 19351
143 19433
144 19434
149 19437
150 19438
154 19451
157 19457
159 19458
166 19462
171 19479
175 19495
176 19496
180 19497
185 19516
186 21482
189 27887
190 30637
